H : 1.898907193603775190e-01
He : 2.031574760607286201e-01
N : 2.671123520605501178e-01
Si : 2.172252863910018872e-01
Fe : 1.226141661273417865e-01
